# X-Displacement | Y-Displacement | Z-Displacement (Bohr)
  0.02066528   0.08136862   0.00645181
 -0.01915919  -0.05002521  -0.03864309
 -0.04233777  -0.12526515  -0.07680882
 -0.03100308  -0.08528107  -0.07261151
 -0.00180265   0.01458101  -0.03406792
  0.00558193   0.04946297  -0.02746038
  0.00230867   0.06112840   0.01619044
 -0.00437330   0.02591328   0.04293887
 -0.00891349  -0.00030028   0.03055845
 -0.00421543  -0.02657011   0.04971771
 -0.00722889  -0.05075315   0.03688570
 -0.07307744  -0.22290083  -0.11340991
 -0.04814633  -0.13903652  -0.10134095
  0.00451633   0.03705358  -0.04139424
  0.01366399   0.07588832  -0.04444844
  0.00383218   0.07828348   0.02964839
  0.00506370   0.08245226   0.01448450
 -0.00725550   0.00892892   0.04419294
 -0.00288821   0.03622361   0.07287706
 -0.00983074   0.00702310   0.02610945
 -0.01557962  -0.00662922   0.01010419
  0.00071882  -0.02027136   0.06929420
 -0.00274513  -0.03380976   0.05507923
 -0.00848548  -0.04401927   0.03189154
 -0.01177034  -0.05803784   0.01783546
 -0.00379069  -0.06885183   0.05068252
 -0.02415346  -0.06617849  -0.03372611
 -0.10902408  -0.25560816  -0.10708745
  0.08811929   0.17756629   0.07593626
  0.01170996   0.00253994   0.01295870
 -0.08694365  -0.21301519  -0.07916309
  0.05465664   0.08967059   0.05923046
 -0.19161799  -0.43657028  -0.18611199
 -0.14589053  -0.34646658  -0.12954681
  0.10746495   0.11628849   0.22536346
  0.08250776   0.23550074  -0.03272559
  0.00633955  -0.01771941   0.02020723
