# X-Displacement | Y-Displacement | Z-Displacement (Bohr)
  0.00088791  -0.01585457   0.01199608
  0.00149010  -0.01123175   0.00795594
  0.00147156  -0.02294356   0.01478529
  0.00228727  -0.01636836   0.00561548
 -0.00133494  -0.10794547   0.14814946
 -0.00067705  -0.10000275   0.14645776
  0.00114962   0.08883405  -0.13037155
  0.00252368   0.08720523  -0.13375266
 -0.00293933  -0.08556812   0.13011731
 -0.00169555  -0.08179715   0.13192432
 -0.00061029   0.11097934  -0.14749629
  0.00125957   0.10484475  -0.14730005
 -0.00292415   0.02518107  -0.01914857
 -0.00097373   0.02171421  -0.01634783
  0.00339934  -0.01894339   0.00709364
  0.00604242  -0.00178962  -0.02147147
 -0.00261640  -0.20620961   0.27737927
 -0.00174468  -0.19085765   0.27506288
  0.00258395   0.15677690  -0.23144439
  0.00431798   0.15298863  -0.23725606
 -0.00412120  -0.15889819   0.23753373
 -0.00325312  -0.15198942   0.24113557
  0.00021685   0.19541747  -0.26127743
  0.00221395   0.18385829  -0.26082619
 -0.00416107   0.04056555  -0.03104539
 -0.00186201   0.03424284  -0.02565950
