# X-Displacement | Y-Displacement | Z-Displacement (Bohr)
  0.00171013  -0.05803114   0.08602284
 -0.00181074   0.05853483  -0.08553330
  0.00307013  -0.10404448   0.15415232
 -0.00330811   0.10500310  -0.15323818
  0.00211180  -0.05947132   0.08789806
 -0.00138542   0.05975444  -0.08781903
  0.00034478  -0.02048249   0.03024282
 -0.00112433   0.02052081  -0.02994812
  0.00059958  -0.00541925   0.00756244
  0.00030149   0.00515033  -0.00813551
 -0.00117656   0.03414256  -0.05105035
  0.00047519  -0.03477539   0.05071333
 -0.00109359   0.04453459  -0.06669055
  0.00127061  -0.04533682   0.06589569
  0.01000179  -0.32940062   0.48517625
 -0.01015071   0.33032056  -0.48423975
  0.00422241  -0.12272368   0.18165532
 -0.00298573   0.12334062  -0.18136866
  0.00033419  -0.02956608   0.04389945
 -0.00176067   0.02972253  -0.04326807
  0.00107001  -0.01180681   0.01684517
  0.00048516   0.01143719  -0.01770772
 -0.00231423   0.06660715  -0.09925584
  0.00103058  -0.06761879   0.09871433
 -0.00215769   0.08326736  -0.12428585
  0.00240416  -0.08452916   0.12297277
