# X-Displacement | Y-Displacement | Z-Displacement (Bohr)
  0.00078703  -0.04547399   0.05954692
  0.00038822   0.02857199  -0.05216991
  0.00153538  -0.07453650   0.09856308
  0.00068538   0.05061844  -0.09784498
 -0.00138544  -0.11887174   0.17146415
 -0.00246001  -0.04315070   0.05794410
  0.00080497   0.05636767  -0.08471355
  0.00419249   0.08394806  -0.12606012
 -0.00367365  -0.07057095   0.11170601
 -0.00209177  -0.06451450   0.10139294
 -0.00179997   0.10483583  -0.14408543
  0.00503021   0.06064973  -0.07961560
 -0.00422420   0.04442418  -0.05081398
  0.00205283  -0.01400818   0.03509041
  0.00414442  -0.19377437   0.29080939
  0.00187658   0.18580583  -0.31797023
 -0.00169795  -0.23215730   0.32987476
 -0.00474974  -0.07666268   0.10234823
  0.00308777   0.10398282  -0.15805549
  0.00662133   0.14319844  -0.21740663
 -0.00515009  -0.13171736   0.20432824
 -0.00519020  -0.11789904   0.18399070
 -0.00114584   0.18890894  -0.26235590
  0.00767549   0.10253564  -0.13595340
 -0.00599722   0.07839608  -0.09372442
  0.00241300  -0.03024826   0.06930431
