# X-Displacement | Y-Displacement | Z-Displacement (Bohr)
  0.00067062   0.00543433  -0.01792699
  0.00081704  -0.02636715   0.03394499
  0.00099109   0.01228072  -0.03728145
  0.00150155  -0.04143741   0.05266733
  0.00004594  -0.08650394   0.11210293
 -0.00068344  -0.11095333   0.17044722
  0.00125168   0.09556385  -0.13512146
  0.00077794   0.07587118  -0.12098816
 -0.00036311  -0.08519223   0.12246456
 -0.00239130  -0.07998209   0.13239648
  0.00090950   0.09571315  -0.12302245
 -0.00093588   0.10666970  -0.15831760
  0.00006361   0.00590518   0.00525754
 -0.00268303   0.03078878  -0.03490894
  0.00183619   0.07718692  -0.14814903
  0.00393945  -0.08686037   0.13026563
 -0.00054793  -0.16177866   0.20686085
 -0.00055425  -0.21340754   0.32422355
  0.00156407   0.16664389  -0.23634366
  0.00223562   0.13577819  -0.21842749
 -0.00087668  -0.15673597   0.22314075
 -0.00357221  -0.14829577   0.24229834
  0.00137351   0.16632406  -0.21436182
 -0.00096569   0.18921779  -0.28339323
 -0.00020177   0.00585971   0.01464587
 -0.00389945   0.05237312  -0.06116796
