# X-Displacement | Y-Displacement | Z-Displacement (Bohr)
  0.02083528  -0.04866989  -0.00610906
  0.00642501   0.00786397  -0.01475434
 -0.02854673   0.13791210  -0.05266422
 -0.03227240   0.14960150  -0.06458330
  0.00005008   0.02873285  -0.03448799
  0.00722747  -0.00059242  -0.03141746
  0.00463934  -0.01206091   0.01306920
  0.00744452  -0.02760047   0.01062345
  0.00507309  -0.03558960   0.03740839
  0.00603198  -0.04687949   0.03262636
  0.00372602  -0.05354557   0.05421623
 -0.05753029   0.24167555  -0.07694889
 -0.05898427   0.24615518  -0.09493843
  0.01878892  -0.02851805  -0.05116441
  0.00395165   0.02019489  -0.04593370
 -0.00159852   0.01455276   0.03141908
  0.01027245  -0.03448460   0.02692202
  0.00703400  -0.01322208  -0.00053274
  0.01150145  -0.04588771  -0.00241167
  0.00289765  -0.01777805   0.05004620
  0.00504626  -0.04982633   0.04859438
  0.00754893  -0.06226169   0.02174130
  0.00696519  -0.03468292   0.02236448
  0.00206153  -0.03884191   0.06488852
  0.00436404  -0.06106617   0.05055739
  0.00307851  -0.06583273   0.06402665
  0.02077425  -0.04627807   0.00769229
  0.09128533  -0.25539686   0.07710088
 -0.06235477   0.18254837  -0.06106304
  0.00786240  -0.03359017   0.01333548
  0.08227424  -0.24178987   0.07836644
 -0.01596097   0.02108344   0.00077112
  0.15404475  -0.43487543   0.13217816
  0.13295072  -0.39411171   0.12998903
 -0.07606841   0.18887915  -0.05234089
  0.03675144  -0.13861590   0.05593295
  0.06832959  -0.20851473   0.03638427
  0.01497210  -0.08575691   0.04207546
